1,560,562,0|4|9|140|17|23|26|29|36|40|42|53|54|59|62|90|95|100|102|106|111|124|131|136|138|147|148|157|160|167|174|184|186|196|202|221|234|239
2,560,562,241|295|296|311|309|327|392|357|375|378|385|390|450|453|467|474|483|488|401|408|418|421|424|431|441|446|505|511|520|525|530|534|544|558
